Graph-2
Adjacency matrix
A B C D E F G H I J K L M N 

[[0. 1. 1. 0. 0. 0. 0. 0. 0. 0. 0. 0. 0. 0.]
 [1. 0. 0. 1. 1. 0. 0. 0. 0. 0. 0. 0. 0. 0.]
 [1. 0. 0. 0. 1. 1. 0. 0. 0. 0. 0. 0. 0. 0.]
 [0. 1. 0. 0. 0. 0. 1. 1. 0. 0. 0. 0. 0. 0.]
 [0. 1. 1. 0. 0. 0. 0. 0. 1. 0. 0. 0. 0. 0.]
 [0. 0. 1. 0. 0. 0. 0. 0. 1. 1. 0. 0. 0. 0.]
 [0. 0. 0. 1. 0. 0. 0. 0. 0. 0. 0. 0. 0. 0.]
 [0. 0. 0. 1. 0. 0. 0. 0. 0. 0. 1. 1. 0. 0.]
 [0. 0. 0. 0. 1. 1. 0. 0. 0. 0. 0. 0. 1. 1.]
 [0. 0. 0. 0. 0. 1. 0. 0. 0. 0. 0. 0. 0. 0.]
 [0. 0. 0. 0. 0. 0. 0. 1. 0. 0. 0. 0. 0. 0.]
 [0. 0. 0. 0. 0. 0. 0. 1. 0. 0. 0. 0. 0. 0.]
 [0. 0. 0. 0. 0. 0. 0. 0. 1. 0. 0. 0. 0. 0.]
 [0. 0. 0. 0. 0. 0. 0. 0. 1. 0. 0. 0. 0. 0.]]
Costs:
[[0. 2. 3. 0. 0. 0. 0. 0. 0. 0. 0. 0. 0. 0.]
 [2. 0. 0. 2. 4. 0. 0. 0. 0. 0. 0. 0. 0. 0.]
 [3. 0. 0. 0. 2. 1. 0. 0. 0. 0. 0. 0. 0. 0.]
 [0. 2. 0. 0. 0. 0. 3. 4. 0. 0. 0. 0. 0. 0.]
 [0. 4. 2. 0. 0. 0. 0. 0. 3. 0. 0. 0. 0. 0.]
 [0. 0. 1. 0. 0. 0. 0. 0. 5. 2. 0. 0. 0. 0.]
 [0. 0. 0. 3. 0. 0. 0. 0. 0. 0. 0. 0. 0. 0.]
 [0. 0. 0. 4. 0. 0. 0. 0. 0. 0. 1. 2. 0. 0.]
 [0. 0. 0. 0. 3. 5. 0. 0. 0. 0. 0. 0. 2. 2.]
 [0. 0. 0. 0. 0. 2. 0. 0. 0. 0. 0. 0. 0. 0.]
 [0. 0. 0. 0. 0. 0. 0. 1. 0. 0. 0. 0. 0. 0.]
 [0. 0. 0. 0. 0. 0. 0. 2. 0. 0. 0. 0. 0. 0.]
 [0. 0. 0. 0. 0. 0. 0. 0. 2. 0. 0. 0. 0. 0.]
 [0. 0. 0. 0. 0. 0. 0. 0. 2. 0. 0. 0. 0. 0.]]
Start Vertex:A
End Vertex:M
Graph-3
Adjacency matrix
A B D C 

[[0. 1. 1. 1.]
 [1. 0. 0. 1.]
 [1. 0. 0. 0.]
 [1. 1. 0. 0.]]
Costs:
[[0. 8. 7. 2.]
 [8. 0. 0. 1.]
 [7. 0. 0. 0.]
 [2. 1. 0. 0.]]
Start Vertex:B
End Vertex:C
