BFS

Graph1:
[[0. 1. 0. 0. 0. 0. 0. 1.]
 [1. 0. 1. 0. 0. 0. 0. 1.]
 [0. 1. 0. 1. 0. 0. 1. 0.]
 [0. 0. 1. 0. 1. 1. 1. 0.]
 [0. 0. 0. 1. 0. 0. 0. 0.]
 [0. 0. 0. 1. 0. 0. 1. 0.]
 [0. 0. 1. 1. 0. 1. 0. 1.]
 [1. 1. 0. 0. 0. 0. 1. 0.]]

[[0. 3. 0. 0. 0. 0. 0. 4.]
 [3. 0. 4. 0. 0. 0. 0. 5.]
 [0. 4. 0. 8. 0. 0. 3. 0.]
 [0. 0. 8. 0. 2. 3. 8. 0.]
 [0. 0. 0. 2. 0. 0. 0. 0.]
 [0. 0. 0. 3. 0. 0. 4. 0.]
 [0. 0. 3. 8. 0. 4. 0. 2.]
 [4. 5. 0. 0. 0. 0. 2. 0.]]

[['A', 0], ['B', 3], ['C', 7], ['D', 15], ['E', 17]]


Graph2:
[[0. 1. 1. 0. 0. 0. 0. 0. 0. 0. 0. 0. 0. 0.]
 [1. 0. 0. 1. 1. 0. 0. 0. 0. 0. 0. 0. 0. 0.]
 [1. 0. 0. 0. 1. 1. 0. 0. 0. 0. 0. 0. 0. 0.]
 [0. 1. 0. 0. 0. 0. 1. 1. 0. 0. 0. 0. 0. 0.]
 [0. 1. 1. 0. 0. 0. 0. 0. 1. 0. 0. 0. 0. 0.]
 [0. 0. 1. 0. 0. 0. 0. 0. 1. 1. 0. 0. 0. 0.]
 [0. 0. 0. 1. 0. 0. 0. 0. 0. 0. 0. 0. 0. 0.]
 [0. 0. 0. 1. 0. 0. 0. 0. 0. 0. 1. 1. 0. 0.]
 [0. 0. 0. 0. 1. 1. 0. 0. 0. 0. 0. 0. 1. 1.]
 [0. 0. 0. 0. 0. 1. 0. 0. 0. 0. 0. 0. 0. 0.]
 [0. 0. 0. 0. 0. 0. 0. 1. 0. 0. 0. 0. 0. 0.]
 [0. 0. 0. 0. 0. 0. 0. 1. 0. 0. 0. 0. 0. 0.]
 [0. 0. 0. 0. 0. 0. 0. 0. 1. 0. 0. 0. 0. 0.]
 [0. 0. 0. 0. 0. 0. 0. 0. 1. 0. 0. 0. 0. 0.]]

[[0. 2. 3. 0. 0. 0. 0. 0. 0. 0. 0. 0. 0. 0.]
 [2. 0. 0. 2. 4. 0. 0. 0. 0. 0. 0. 0. 0. 0.]
 [3. 0. 0. 0. 2. 1. 0. 0. 0. 0. 0. 0. 0. 0.]
 [0. 2. 0. 0. 0. 0. 3. 4. 0. 0. 0. 0. 0. 0.]
 [0. 4. 2. 0. 0. 0. 0. 0. 3. 0. 0. 0. 0. 0.]
 [0. 0. 1. 0. 0. 0. 0. 0. 5. 2. 0. 0. 0. 0.]
 [0. 0. 0. 3. 0. 0. 0. 0. 0. 0. 0. 0. 0. 0.]
 [0. 0. 0. 4. 0. 0. 0. 0. 0. 0. 1. 2. 0. 0.]
 [0. 0. 0. 0. 3. 5. 0. 0. 0. 0. 0. 0. 2. 2.]
 [0. 0. 0. 0. 0. 2. 0. 0. 0. 0. 0. 0. 0. 0.]
 [0. 0. 0. 0. 0. 0. 0. 1. 0. 0. 0. 0. 0. 0.]
 [0. 0. 0. 0. 0. 0. 0. 2. 0. 0. 0. 0. 0. 0.]
 [0. 0. 0. 0. 0. 0. 0. 0. 2. 0. 0. 0. 0. 0.]
 [0. 0. 0. 0. 0. 0. 0. 0. 2. 0. 0. 0. 0. 0.]]

[['A', 0], ['C', 3], ['F', 4], ['I', 9], ['M', 11]]

Graph3:
[[0. 1. 1. 1.]
 [1. 0. 0. 1.]
 [1. 0. 0. 0.]
 [1. 1. 0. 0.]]
[[0. 8. 7. 2.]
 [8. 0. 0. 1.]
 [7. 0. 0. 0.]
 [2. 1. 0. 0.]]
[['B', 0], ['A', 8], ['C', 15]]